,Unnamed: 0,runstring,t
0,0,0000000.bin,4307778.4206
1,1,0000001.bin,1521722.26945
2,2,0000002.bin,2813964.59825
3,3,0000003.bin,2907365.74881
4,4,0000004.bin,12968865.713
5,5,0000005.bin,4793965.2876
6,6,0000006.bin,6149356.31466
7,7,0000007.bin,3928237.10357
8,8,0000008.bin,3410881.13852
9,9,0000009.bin,6204893.27275
10,10,0000010.bin,7368660.12665
11,11,0000011.bin,2512566.4265
12,12,0000012.bin,3104802.31959
13,13,0000013.bin,7520518.75287
14,14,0000014.bin,2781957.97118
15,15,0000015.bin,2353467.65391
16,16,0000016.bin,3965709.54322
17,17,0000017.bin,1916856.0421
18,18,0000018.bin,11374905.4978
19,19,0000019.bin,3166660.61236
20,20,0000020.bin,12572986.6651
21,21,0000021.bin,5054001.45447
22,22,0000022.bin,3237927.79577
23,23,0000023.bin,17228734.4659
24,24,0000024.bin,8360730.54445
25,25,0000025.bin,23439796.4154
26,26,0000026.bin,9727699.03972
27,27,0000027.bin,5274726.45605
28,28,0000028.bin,5379243.79445
29,29,0000029.bin,19464982.6515
30,30,0000030.bin,10342632.1738
31,31,0000031.bin,6193249.15862
32,32,0000032.bin,25848482.807
33,33,0000033.bin,7857949.27331
34,34,0000034.bin,6546404.84492
35,35,0000035.bin,7468977.07622
36,36,0000036.bin,15585065.4437
37,37,0000037.bin,5003163.39907
38,38,0000038.bin,4355721.38218
39,39,0000039.bin,6046547.14224
40,40,0000040.bin,7288545.16431
41,41,0000041.bin,10514610.6634
42,42,0000042.bin,16833547.7117
43,43,0000043.bin,14877800.5833
44,44,0000044.bin,2275391.08494
45,45,0000045.bin,5779879.57373
46,46,0000046.bin,13033392.3436
47,47,0000047.bin,31335627.7104
48,48,0000048.bin,3207235.60888
49,49,0000049.bin,1894477.71997
50,50,0000050.bin,12739727.3469
51,51,0000051.bin,14712815.0057
52,52,0000052.bin,21456952.2119
53,53,0000053.bin,8765537.66931
54,54,0000054.bin,5665532.11442
55,55,0000055.bin,1980892.19286
56,56,0000056.bin,11201248.252
57,57,0000057.bin,5390608.63552
58,58,0000058.bin,31406627.3312
59,59,0000059.bin,5512692.70697
60,60,0000060.bin,5097402.01991
61,61,0000061.bin,8974143.67906
62,62,0000062.bin,2736431.88777
63,63,0000063.bin,41423380.4357
64,64,0000064.bin,2836740.28379
65,65,0000065.bin,3140636.42881
66,66,0000066.bin,5504773.98883
67,67,0000067.bin,6818946.46614
68,68,0000068.bin,9278763.68368
69,69,0000069.bin,2026107.68742
70,70,0000070.bin,3273587.76634
71,71,0000071.bin,10425627.3389
72,72,0000072.bin,33053795.7538
73,73,0000073.bin,4144719.35659
74,74,0000074.bin,2036061.57957
75,75,0000075.bin,4527300.31714
76,76,0000076.bin,6258734.1891
77,77,0000077.bin,7317988.62358
78,78,0000078.bin,4289695.12591
79,79,0000079.bin,2397771.57988
80,80,0000080.bin,5709831.22414
81,81,0000081.bin,7992723.01817
82,82,0000082.bin,12136065.1783
83,83,0000083.bin,4050988.01118
84,84,0000084.bin,35094412.9736
85,85,0000085.bin,14670361.9295
86,86,0000086.bin,4219861.37526
87,87,0000087.bin,2492233.18524
88,88,0000088.bin,6158199.90399
89,89,0000089.bin,18488722.9788
90,90,0000090.bin,3842055.72657
91,91,0000091.bin,7026594.33843
92,92,0000092.bin,5498461.28135
93,93,0000093.bin,9236315.45721
94,94,0000094.bin,4917456.15121
95,95,0000095.bin,11496555.7361
96,96,0000096.bin,37444093.141
97,97,0000097.bin,4839244.72822
98,98,0000098.bin,5595718.35143
99,99,0000099.bin,5912851.24176
100,100,0000100.bin,7326137.21718
101,101,0000101.bin,6733960.26379
102,102,0000102.bin,13775482.7164
103,103,0000103.bin,11469118.9053
104,104,0000104.bin,4479144.55793
105,105,0000105.bin,9154462.91456
106,106,0000106.bin,6172980.52275
107,107,0000107.bin,19162357.9494
108,108,0000108.bin,10179229.4322
109,109,0000109.bin,24993038.0128
110,110,0000110.bin,4775988.75544
111,111,0000111.bin,3097595.05131
112,112,0000112.bin,13915194.8771
113,113,0000113.bin,7696656.67686
114,114,0000114.bin,3487159.7875
115,115,0000115.bin,6080615.581
116,116,0000116.bin,20106280.349
117,117,0000117.bin,6227460.76727
118,118,0000118.bin,14774704.5807
119,119,0000119.bin,3782343.83893
120,120,0000120.bin,2284448.64992
121,121,0000121.bin,5662403.19609
122,122,0000122.bin,16150020.2664
123,123,0000123.bin,2944074.84668
124,124,0000124.bin,4078182.73757
125,125,0000125.bin,6743631.17619
126,126,0000126.bin,6798700.3467
127,127,0000127.bin,1461123.72006
128,128,0000128.bin,755191.168315
129,129,0000129.bin,7971192.04172
130,130,0000130.bin,7291952.55898
131,131,0000131.bin,4011693.19522
132,132,0000132.bin,21734014.767
133,133,0000133.bin,1765958.62311
134,134,0000134.bin,8189445.15451
135,135,0000135.bin,5514898.07045
136,136,0000136.bin,8051722.76135
137,137,0000137.bin,4335768.21887
138,138,0000138.bin,4059780.02078
139,139,0000139.bin,8340666.87741
140,140,0000140.bin,27893408.4947
141,141,0000141.bin,3447836.87795
142,142,0000142.bin,2112267.34376
143,143,0000143.bin,2972431.10934
144,144,0000144.bin,9412739.31476
145,145,0000145.bin,11913085.6461
146,146,0000146.bin,4897184.60553
147,147,0000147.bin,16472472.2487
148,148,0000148.bin,18820759.3415
149,149,0000149.bin,10415799.3652
150,150,0000150.bin,3230971.56841
151,151,0000151.bin,15577227.334
152,152,0000152.bin,4904959.94594
153,153,0000153.bin,1791932.16165
154,154,0000154.bin,21972584.0208
155,155,0000155.bin,29067803.0647
156,156,0000156.bin,4882552.21418
157,157,0000157.bin,5121434.32971
158,158,0000158.bin,2096440.19535
159,159,0000159.bin,2052725.99272
160,160,0000160.bin,3758391.13274
161,161,0000161.bin,10858154.4489
162,162,0000162.bin,2777225.08587
163,163,0000163.bin,12359048.4863
164,164,0000164.bin,4394025.85503
165,165,0000165.bin,40174437.1696
166,166,0000166.bin,4848452.94522
167,167,0000167.bin,4653548.474
168,168,0000168.bin,11757811.7188
169,169,0000169.bin,3276758.28821
170,170,0000170.bin,937668.544835
171,171,0000171.bin,10889234.4389
172,172,0000172.bin,100000000.0
173,173,0000173.bin,5567504.08163
174,174,0000174.bin,2440915.21664
175,175,0000175.bin,5097940.16268
176,176,0000176.bin,5558058.50677
177,177,0000177.bin,8579157.77149
178,178,0000178.bin,7110772.06224
179,179,0000179.bin,3608819.86044
180,180,0000180.bin,4558596.74037
181,181,0000181.bin,11751339.3868
182,182,0000182.bin,1600086.73596
183,183,0000183.bin,1679705.26396
184,184,0000184.bin,12778530.5089
185,185,0000185.bin,12318477.1952
186,186,0000186.bin,1440545.29242
187,187,0000187.bin,4948529.62711
188,188,0000188.bin,1585889.77762
189,189,0000189.bin,14997113.8927
190,190,0000190.bin,5026628.74506
191,191,0000191.bin,19508579.7358
192,192,0000192.bin,2386012.28521
193,193,0000193.bin,7758662.60649
194,194,0000194.bin,3461973.4578
195,195,0000195.bin,5856241.46218
196,196,0000196.bin,8578943.58822
197,197,0000197.bin,9139445.90707
198,198,0000198.bin,13318439.8502
199,199,0000199.bin,3754130.15726
200,200,0000200.bin,65728937.3086
201,201,0000201.bin,3320727.58531
202,202,0000202.bin,4320532.83742
203,203,0000203.bin,7322239.03354
204,204,0000204.bin,2060805.99792
205,205,0000205.bin,6995970.77553
206,206,0000206.bin,25937367.9252
207,207,0000207.bin,13574550.4464
208,208,0000208.bin,1291796.98049
209,209,0000209.bin,3700827.55546
210,210,0000210.bin,8067560.05906
211,211,0000211.bin,2590847.4447
212,212,0000212.bin,7880550.54248
213,213,0000213.bin,8962879.60709
214,214,0000214.bin,9926213.63345
215,215,0000215.bin,24709281.2522
216,216,0000216.bin,5519045.35514
217,217,0000217.bin,11037071.4647
218,218,0000218.bin,5441490.51137
219,219,0000219.bin,14240031.3152
220,220,0000220.bin,6131261.06894
221,221,0000221.bin,5026306.76005
222,222,0000222.bin,3467897.22003
223,223,0000223.bin,17086164.935
224,224,0000224.bin,6478281.58117
225,225,0000225.bin,11276982.7674
226,226,0000226.bin,9229763.62484
227,227,0000227.bin,11093734.49
228,228,0000228.bin,695913.398333
229,229,0000229.bin,7550754.13245
230,230,0000230.bin,15099285.6477
231,231,0000231.bin,7459282.01927
232,232,0000232.bin,1453057.1208
233,233,0000233.bin,10832237.3043
234,234,0000234.bin,6279008.50604
235,235,0000235.bin,17418383.473
236,236,0000236.bin,3066963.55487
237,237,0000237.bin,5721621.69509
238,238,0000238.bin,4670947.96191
239,239,0000239.bin,11266035.5883
240,240,0000240.bin,6266333.27779
241,241,0000241.bin,8360774.67666
242,242,0000242.bin,3660063.73265
243,243,0000243.bin,6024167.19229
244,244,0000244.bin,1247365.19642
245,245,0000245.bin,61999894.5246
246,246,0000246.bin,5549311.25315
247,247,0000247.bin,4974643.39073
248,248,0000248.bin,4607474.65358
249,249,0000249.bin,24833194.5308
250,250,0000250.bin,4629704.64407
251,251,0000251.bin,4167354.15854
252,252,0000252.bin,6612022.13347
253,253,0000253.bin,4004699.93698
254,254,0000254.bin,6100655.48454
255,255,0000255.bin,6334931.77686
256,256,0000256.bin,64420712.2519
257,257,0000257.bin,5944580.70798
258,258,0000258.bin,6111955.37435
259,259,0000259.bin,2893924.40718
260,260,0000260.bin,29395568.8218
261,261,0000261.bin,14474360.5857
262,262,0000262.bin,9523379.57037
263,263,0000263.bin,5982864.7082
264,264,0000264.bin,7517903.55564
265,265,0000265.bin,7922986.08818
266,266,0000266.bin,2275862.05948
267,267,0000267.bin,10734547.3938
268,268,0000268.bin,9631493.48193
269,269,0000269.bin,11127192.2849
270,270,0000270.bin,3346265.8642
271,271,0000271.bin,21384409.9728
272,272,0000272.bin,2586454.83468
273,273,0000273.bin,2535355.89903
274,274,0000274.bin,6327618.33512
275,275,0000275.bin,6432145.75396
276,276,0000276.bin,7028778.60575
277,277,0000277.bin,4341746.81712
278,278,0000278.bin,3835687.59385
279,279,0000279.bin,1138059.75414
280,280,0000280.bin,18976948.7178
281,281,0000281.bin,3037465.25863
282,282,0000282.bin,11263784.9493
283,283,0000283.bin,4308340.84648
284,284,0000284.bin,2253559.04586
285,285,0000285.bin,28159970.4581
286,286,0000286.bin,4731507.88614
287,287,0000287.bin,6005730.59743
288,288,0000288.bin,3005708.28687
289,289,0000289.bin,4206862.1182
290,290,0000290.bin,5999346.11448
291,291,0000291.bin,3762288.86616
292,292,0000292.bin,1961858.18478
293,293,0000293.bin,23662863.242
294,294,0000294.bin,3880427.68047
295,295,0000295.bin,2601237.2898
296,296,0000296.bin,2376648.01175
297,297,0000297.bin,17132384.9761
298,298,0000298.bin,2048272.69231
299,299,0000299.bin,30953725.3414
300,300,0000300.bin,4710326.71115
301,301,0000301.bin,2623132.61739
302,302,0000302.bin,10762653.7594
303,303,0000303.bin,2212262.24172
304,304,0000304.bin,6346583.54658
305,305,0000305.bin,14174719.2767
306,306,0000306.bin,2728091.31536
307,307,0000307.bin,6039526.06773
308,308,0000308.bin,5117660.43678
309,309,0000309.bin,2801684.65433
310,310,0000310.bin,3874594.98857
311,311,0000311.bin,5540607.71604
312,312,0000312.bin,4176893.88699
313,313,0000313.bin,4904615.86018
314,314,0000314.bin,5242951.50663
315,315,0000315.bin,13205650.6953
316,316,0000316.bin,17776540.2864
317,317,0000317.bin,2225376.1251
318,318,0000318.bin,83761080.4467
319,319,0000319.bin,18732862.2099
320,320,0000320.bin,3060437.25285
321,321,0000321.bin,1347803.49359
322,322,0000322.bin,15307875.3764
323,323,0000323.bin,4191531.47483
324,324,0000324.bin,3524432.62761
325,325,0000325.bin,1792848.7191
326,326,0000326.bin,3125688.32201
327,327,0000327.bin,7177865.45893
328,328,0000328.bin,2200004.39855
329,329,0000329.bin,41290547.2193
330,330,0000330.bin,5264578.68022
331,331,0000331.bin,6069694.72938
332,332,0000332.bin,2955112.43765
333,333,0000333.bin,8920063.1503
334,334,0000334.bin,1452369.12249
335,335,0000335.bin,1979939.19343
336,336,0000336.bin,5976206.32149
337,337,0000337.bin,5568685.32841
338,338,0000338.bin,7438646.22696
339,339,0000339.bin,18838465.3657
340,340,0000340.bin,24731755.3913
341,341,0000341.bin,4125338.66444
342,342,0000342.bin,2147888.20501
343,343,0000343.bin,10539035.0376
344,344,0000344.bin,3163503.01147
345,345,0000345.bin,8442752.47847
346,346,0000346.bin,2456710.42635
347,347,0000347.bin,22449818.1021
348,348,0000348.bin,38320060.0726
349,349,0000349.bin,4184734.07493
350,350,0000350.bin,16996967.254
351,351,0000351.bin,3868349.93414
352,352,0000352.bin,5839165.65667
353,353,0000353.bin,50171733.2681
354,354,0000354.bin,7578626.84526
355,355,0000355.bin,2114565.50965
356,356,0000356.bin,3235452.26965
357,357,0000357.bin,2934548.42025
358,358,0000358.bin,4232140.10642
359,359,0000359.bin,26791533.3702
360,360,0000360.bin,2298330.75941
361,361,0000361.bin,5514176.29749
362,362,0000362.bin,2392233.09117
363,363,0000363.bin,3534780.69607
364,364,0000364.bin,6762834.6808
365,365,0000365.bin,5275815.55865
366,366,0000366.bin,8789943.44146
367,367,0000367.bin,6201397.44046
368,368,0000368.bin,1864189.33976
369,369,0000369.bin,6373173.75795
370,370,0000370.bin,69432076.839
371,371,0000371.bin,2980694.50234
372,372,0000372.bin,8005925.61595
373,373,0000373.bin,5016331.18298
374,374,0000374.bin,6806030.86629
375,375,0000375.bin,10598116.3628
376,376,0000376.bin,2359914.4556
377,377,0000377.bin,3717766.77327
378,378,0000378.bin,2440522.87642
379,379,0000379.bin,4410648.97629
380,380,0000380.bin,16966855.4014
381,381,0000381.bin,10071367.6008
382,382,0000382.bin,3183217.84751
383,383,0000383.bin,12254172.0917
384,384,0000384.bin,4279329.84132
385,385,0000385.bin,4390441.51583
386,386,0000386.bin,14733889.5925
387,387,0000387.bin,13059772.4261
388,388,0000388.bin,2001856.10186
389,389,0000389.bin,4123820.12144
390,390,0000390.bin,13635132.3707
391,391,0000391.bin,2929156.46157
392,392,0000392.bin,9118825.66731
393,393,0000393.bin,4235727.8404
394,394,0000394.bin,4051438.30523
395,395,0000395.bin,8040017.99142
396,396,0000396.bin,2979295.81606
397,397,0000397.bin,7910877.40806
398,398,0000398.bin,2763431.5872
399,399,0000399.bin,3266603.58396
400,400,0000400.bin,29942397.0134
401,401,0000401.bin,3984081.49909
402,402,0000402.bin,25133963.6014
403,403,0000403.bin,100000000.0
404,404,0000404.bin,7578821.35261
405,405,0000405.bin,5963415.77445
406,406,0000406.bin,2081735.61265
407,407,0000407.bin,12232026.9004
408,408,0000408.bin,8550117.63196
409,409,0000409.bin,8812002.06576
410,410,0000410.bin,10669278.2751
411,411,0000411.bin,2573759.93019
412,412,0000412.bin,13700238.0548
413,413,0000413.bin,14487807.8166
414,414,0000414.bin,1744953.49171
415,415,0000415.bin,3985158.47749
416,416,0000416.bin,9167066.02162
417,417,0000417.bin,8549592.34084
418,418,0000418.bin,9947158.73342
419,419,0000419.bin,21959928.5024
420,420,0000420.bin,30376806.0123
421,421,0000421.bin,6134976.14201
422,422,0000422.bin,3444659.39332
423,423,0000423.bin,3183793.57543
424,424,0000424.bin,5994909.92662
425,425,0000425.bin,58614355.1002
426,426,0000426.bin,12643198.1067
427,427,0000427.bin,22368403.1751
428,428,0000428.bin,11247067.0503
429,429,0000429.bin,5056779.77461
430,430,0000430.bin,5581181.91473
431,431,0000431.bin,3073259.60036
432,432,0000432.bin,8372764.92034
433,433,0000433.bin,4045545.92745
434,434,0000434.bin,3601599.08229
435,435,0000435.bin,2987516.46247
436,436,0000436.bin,2200496.22676
437,437,0000437.bin,4958303.97654
438,438,0000438.bin,3348174.04544
439,439,0000439.bin,19847365.4866
440,440,0000440.bin,69432076.839
441,441,0000441.bin,9404946.51503
442,442,0000442.bin,7469560.49435
443,443,0000443.bin,11963030.2521
444,444,0000444.bin,5388658.08878
445,445,0000445.bin,15108025.8698
446,446,0000446.bin,4225270.377
447,447,0000447.bin,3809078.64116
448,448,0000448.bin,5582820.1412
449,449,0000449.bin,3200934.09016
450,450,0000450.bin,3872551.32767
451,451,0000451.bin,7202000.54759
452,452,0000452.bin,2772129.23563
453,453,0000453.bin,14558548.3598
454,454,0000454.bin,4249141.85018
455,455,0000455.bin,2454402.28394
456,456,0000456.bin,4422832.02993
457,457,0000457.bin,23744035.5805
458,458,0000458.bin,3437814.0161
459,459,0000459.bin,5548936.02543
460,460,0000460.bin,1273165.39306
461,461,0000461.bin,9064583.29734
462,462,0000462.bin,3467552.8225
463,463,0000463.bin,3168425.5198
464,464,0000464.bin,1997817.17312
465,465,0000465.bin,9317988.90759
466,466,0000466.bin,12706974.1433
467,467,0000467.bin,2282063.39738
468,468,0000468.bin,2029506.87229
469,469,0000469.bin,4980047.61206
470,470,0000470.bin,3789560.11379
471,471,0000471.bin,12209224.8873
472,472,0000472.bin,3910428.0932
473,473,0000473.bin,7695177.27785
474,474,0000474.bin,6099676.95495
475,475,0000475.bin,14257160.6414
476,476,0000476.bin,1788385.92714
477,477,0000477.bin,16392214.8049
478,478,0000478.bin,16207520.2796
479,479,0000479.bin,2368948.04923
480,480,0000480.bin,54469243.3695
481,481,0000481.bin,2124801.3077
482,482,0000482.bin,1747112.64457
483,483,0000483.bin,4885528.54037
484,484,0000484.bin,6565605.85541
485,485,0000485.bin,1333666.25576
486,486,0000486.bin,1058886.94762
487,487,0000487.bin,1124726.07589
488,488,0000488.bin,6224743.55328
489,489,0000489.bin,1498470.27502
490,490,0000490.bin,2643881.26955
491,491,0000491.bin,2590266.2782
492,492,0000492.bin,3487798.1111
493,493,0000493.bin,1664339.73731
494,494,0000494.bin,988005.281172
495,495,0000495.bin,21160209.9113
496,496,0000496.bin,5902370.15342
497,497,0000497.bin,4738172.23105
498,498,0000498.bin,6658512.12688
499,499,0000499.bin,2355411.82682
500,500,0000500.bin,1464572.1986
501,501,0000501.bin,16833547.7117
502,502,0000502.bin,4821119.96865
503,503,0000503.bin,5888701.56937
504,504,0000504.bin,8787949.9402
505,505,0000505.bin,7539589.51444
506,506,0000506.bin,9032514.31621
507,507,0000507.bin,45811140.8788
508,508,0000508.bin,9588141.61895
509,509,0000509.bin,8174425.58442
510,510,0000510.bin,2530964.53608
511,511,0000511.bin,6843901.70726
512,512,0000512.bin,6524854.33113
513,513,0000513.bin,4715152.60653
514,514,0000514.bin,1967889.74869
515,515,0000515.bin,8384557.85078
516,516,0000516.bin,8496669.74575
517,517,0000517.bin,2583594.06968
518,518,0000518.bin,3734594.44812
519,519,0000519.bin,4200005.65615
520,520,0000520.bin,10824862.2018
521,521,0000521.bin,5272748.68176
522,522,0000522.bin,11414359.2809
523,523,0000523.bin,2902248.73312
524,524,0000524.bin,4699885.28638
525,525,0000525.bin,4800268.19177
526,526,0000526.bin,4998134.92507
527,527,0000527.bin,1899344.76852
528,528,0000528.bin,6355490.90938
529,529,0000529.bin,2215246.63927
530,530,0000530.bin,8090062.53304
531,531,0000531.bin,53902064.6504
532,532,0000532.bin,4123917.04603
533,533,0000533.bin,10139393.5972
534,534,0000534.bin,9090725.57164
535,535,0000535.bin,14718510.0011
536,536,0000536.bin,7248488.98217
537,537,0000537.bin,6473046.33702
538,538,0000538.bin,46212862.145
539,539,0000539.bin,6340807.42304
540,540,0000540.bin,6600800.73941
541,541,0000541.bin,7467073.64079
542,542,0000542.bin,14046044.4648
543,543,0000543.bin,5174668.23764
544,544,0000544.bin,70305579.2602
545,545,0000545.bin,4506625.58872
546,546,0000546.bin,4019720.44278
547,547,0000547.bin,1130692.3075
548,548,0000548.bin,1287391.27636
549,549,0000549.bin,7360652.07024
550,550,0000550.bin,11729382.1558
551,551,0000551.bin,8150560.38119
552,552,0000552.bin,11470329.8392
553,553,0000553.bin,1713967.2406
554,554,0000554.bin,3157262.97994
555,555,0000555.bin,39467871.8083
556,556,0000556.bin,2433377.47637
557,557,0000557.bin,20112686.8291
558,558,0000558.bin,8835064.54202
559,559,0000559.bin,7013870.64789
560,560,0000560.bin,13977493.8355
561,561,0000561.bin,1915137.58782
562,562,0000562.bin,3154143.27594
563,563,0000563.bin,12972261.7804
564,564,0000564.bin,5131378.83411
565,565,0000565.bin,31831839.1631
566,566,0000566.bin,1653070.4697
567,567,0000567.bin,3842061.78869
568,568,0000568.bin,3834307.44032
569,569,0000569.bin,4504093.11341
570,570,0000570.bin,15587361.4966
571,571,0000571.bin,3208852.60067
572,572,0000572.bin,6316966.50293
573,573,0000573.bin,3594764.13192
574,574,0000574.bin,3343300.86542
575,575,0000575.bin,1661615.69907
576,576,0000576.bin,19516426.5403
577,577,0000577.bin,5808473.29741
578,578,0000578.bin,5697596.45198
579,579,0000579.bin,4560305.2874
580,580,0000580.bin,17264423.1545
581,581,0000581.bin,15697579.0668
582,582,0000582.bin,24831177.8896
583,583,0000583.bin,5389020.8805
584,584,0000584.bin,4600388.62783
585,585,0000585.bin,2308004.82437
586,586,0000586.bin,7827464.2038
587,587,0000587.bin,2263856.95462
588,588,0000588.bin,24016910.8753
589,589,0000589.bin,1176598.67555
590,590,0000590.bin,3965965.78025
591,591,0000591.bin,10940666.0995
592,592,0000592.bin,3687685.05888
593,593,0000593.bin,41895149.8128
594,594,0000594.bin,1931348.69319
595,595,0000595.bin,6240542.43448
596,596,0000596.bin,4780052.1058
597,597,0000597.bin,10633650.9351
598,598,0000598.bin,4054550.21508
599,599,0000599.bin,8901756.04127
600,600,0000600.bin,14641762.1768
601,601,0000601.bin,9592716.0926
602,602,0000602.bin,17686117.5382
603,603,0000603.bin,1216612.18093
604,604,0000604.bin,10101619.5056
605,605,0000605.bin,3658671.8013
606,606,0000606.bin,4707613.65404
607,607,0000607.bin,6244240.01402
608,608,0000608.bin,58670709.3386
609,609,0000609.bin,3321125.26019
610,610,0000610.bin,5240649.39176
611,611,0000611.bin,2684203.07743
612,612,0000612.bin,4748491.20106
613,613,0000613.bin,3519448.94386
614,614,0000614.bin,31644952.6108
615,615,0000615.bin,12265008.1436
616,616,0000616.bin,10797914.1162
617,617,0000617.bin,15974520.2755
618,618,0000618.bin,19913028.7122
619,619,0000619.bin,2463751.83512
620,620,0000620.bin,6029321.89689
621,621,0000621.bin,1858391.56573
622,622,0000622.bin,4170317.63312
623,623,0000623.bin,1397828.74104
624,624,0000624.bin,3884475.09623
625,625,0000625.bin,10322859.5219
626,626,0000626.bin,2901122.70354
627,627,0000627.bin,9407398.90125
628,628,0000628.bin,11530709.8084
629,629,0000629.bin,3475008.5683
630,630,0000630.bin,8043878.24353
631,631,0000631.bin,5641423.3873
632,632,0000632.bin,7743015.58998
633,633,0000633.bin,1881866.54214
634,634,0000634.bin,5381893.35522
635,635,0000635.bin,4008769.5574
636,636,0000636.bin,6727324.56671
637,637,0000637.bin,15292430.903
638,638,0000638.bin,5419013.32507
639,639,0000639.bin,2927458.93024
640,640,0000640.bin,3405773.75294
641,641,0000641.bin,36795647.3066
642,642,0000642.bin,5528149.51157
643,643,0000643.bin,66736520.1489
644,644,0000644.bin,8906891.10488
645,645,0000645.bin,8159144.89297
646,646,0000646.bin,4579284.32048
647,647,0000647.bin,496816.606792
648,648,0000648.bin,6956957.31214
649,649,0000649.bin,4264091.72325
650,650,0000650.bin,6823046.63952
651,651,0000651.bin,3649713.48184
652,652,0000652.bin,12142893.0622
653,653,0000653.bin,5386879.67153
654,654,0000654.bin,8002866.77569
655,655,0000655.bin,2774844.47518
656,656,0000656.bin,9937782.6126
657,657,0000657.bin,7799267.32361
658,658,0000658.bin,4490193.40682
659,659,0000659.bin,7768342.83723
660,660,0000660.bin,10266119.8714
661,661,0000661.bin,16535534.3756
662,662,0000662.bin,14848758.3654
663,663,0000663.bin,17080213.2176
664,664,0000664.bin,6124635.69478
665,665,0000665.bin,4590743.59201
666,666,0000666.bin,2882777.73275
667,667,0000667.bin,9572669.67554
668,668,0000668.bin,2329195.42219
669,669,0000669.bin,8160886.86824
670,670,0000670.bin,4513793.95534
671,671,0000671.bin,5272206.69387
672,672,0000672.bin,2073565.09139
673,673,0000673.bin,2253244.47394
674,674,0000674.bin,15886321.4583
675,675,0000675.bin,2199887.48629
676,676,0000676.bin,10479713.9991
677,677,0000677.bin,4906354.3021
678,678,0000678.bin,3934542.98701
679,679,0000679.bin,15232229.9221
680,680,0000680.bin,7113476.97879
681,681,0000681.bin,6557349.28684
682,682,0000682.bin,2778965.46771
683,683,0000683.bin,5799463.15575
684,684,0000684.bin,2410274.78291
685,685,0000685.bin,6533244.85516
686,686,0000686.bin,19159276.8004
687,687,0000687.bin,8986468.24049
688,688,0000688.bin,1303976.60487
689,689,0000689.bin,14213400.7806
690,690,0000690.bin,9527461.59226
691,691,0000691.bin,2457443.11114
692,692,0000692.bin,15049208.4373
693,693,0000693.bin,11284940.6645
694,694,0000694.bin,54286903.2319
695,695,0000695.bin,30083204.9623
696,696,0000696.bin,8112788.23149
697,697,0000697.bin,8515217.60744
698,698,0000698.bin,10939939.6847
699,699,0000699.bin,7879195.98844
700,700,0000700.bin,2483310.85743
701,701,0000701.bin,8663773.08075
702,702,0000702.bin,11444477.542
703,703,0000703.bin,13543096.0254
704,704,0000704.bin,16963532.5298
705,705,0000705.bin,7708650.24604
706,706,0000706.bin,5883918.42058
707,707,0000707.bin,20147871.1496
708,708,0000708.bin,3656238.46751
709,709,0000709.bin,6264597.74569
710,710,0000710.bin,3475626.62712
711,711,0000711.bin,5249273.77494
712,712,0000712.bin,5157384.4842
713,713,0000713.bin,2965099.72354
714,714,0000714.bin,8375561.42683
715,715,0000715.bin,16314655.0727
716,716,0000716.bin,7396453.51234
717,717,0000717.bin,6165028.23781
718,718,0000718.bin,19465310.2137
719,719,0000719.bin,6567217.85889
720,720,0000720.bin,3948686.21787
721,721,0000721.bin,15075264.3177
722,722,0000722.bin,13435546.93
723,723,0000723.bin,1467267.90077
724,724,0000724.bin,4734296.94488
725,725,0000725.bin,5618890.60273
726,726,0000726.bin,23652738.4671
727,727,0000727.bin,48933243.4823
728,728,0000728.bin,10126094.2474
729,729,0000729.bin,7884587.56592
730,730,0000730.bin,1544623.04214
731,731,0000731.bin,11676182.4007
732,732,0000732.bin,3502567.99166
733,733,0000733.bin,3363783.61581
734,734,0000734.bin,4363994.82075
735,735,0000735.bin,3735688.29652
736,736,0000736.bin,4784958.12504
737,737,0000737.bin,18694986.0668
738,738,0000738.bin,8108861.12289
739,739,0000739.bin,4786433.60965
740,740,0000740.bin,10872786.4253
741,741,0000741.bin,16766729.7047
742,742,0000742.bin,11413593.0292
743,743,0000743.bin,18234640.8709
744,744,0000744.bin,3922557.66198
745,745,0000745.bin,10341270.3451
746,746,0000746.bin,9137921.19799
747,747,0000747.bin,5149715.21352
748,748,0000748.bin,1701161.65934
749,749,0000749.bin,8597222.15334
750,750,0000750.bin,10373663.2165
751,751,0000751.bin,2243968.43027
752,752,0000752.bin,5242558.16185
753,753,0000753.bin,3067234.47954
754,754,0000754.bin,5577872.5878
755,755,0000755.bin,2262184.9881
756,756,0000756.bin,8697321.46098
757,757,0000757.bin,2663167.80837
758,758,0000758.bin,1928661.47798
759,759,0000759.bin,5204324.63309
760,760,0000760.bin,8498244.82237
761,761,0000761.bin,8594117.06762
762,762,0000762.bin,12683604.3003
763,763,0000763.bin,13819122.7205
764,764,0000764.bin,6814476.46898
765,765,0000765.bin,3958598.02174
766,766,0000766.bin,6185794.52152
767,767,0000767.bin,10432096.3454
768,768,0000768.bin,1447942.14899
769,769,0000769.bin,13124749.7665
770,770,0000770.bin,9590567.74754
771,771,0000771.bin,29671646.5426
772,772,0000772.bin,6521466.19668
773,773,0000773.bin,4133812.60343
774,774,0000774.bin,11113104.9984
775,775,0000775.bin,18673929.32
776,776,0000776.bin,8971245.39813
777,777,0000777.bin,10379406.6049
778,778,0000778.bin,2505750.90954
779,779,0000779.bin,11496253.4269
780,780,0000780.bin,4512219.84875
781,781,0000781.bin,2032053.51567
782,782,0000782.bin,10737939.9971
783,783,0000783.bin,3685980.25301
784,784,0000784.bin,4230492.24985
785,785,0000785.bin,2082632.77132
786,786,0000786.bin,2134884.13255
787,787,0000787.bin,8868735.37701
788,788,0000788.bin,18685803.9684
789,789,0000789.bin,2107149.98166
790,790,0000790.bin,3113295.96912
791,791,0000791.bin,14098220.1724
792,792,0000792.bin,7285791.02337
793,793,0000793.bin,4089992.74617
794,794,0000794.bin,6291743.93977
795,795,0000795.bin,5608636.89573
796,796,0000796.bin,2512636.22745
797,797,0000797.bin,5768910.71014
798,798,0000798.bin,11275991.7671
799,799,0000799.bin,2649726.77851
800,800,0000800.bin,7135904.10932
801,801,0000801.bin,6081463.89632
802,802,0000802.bin,3280464.49337
803,803,0000803.bin,1497450.66158
804,804,0000804.bin,6121988.97455
805,805,0000805.bin,10178106.6242
806,806,0000806.bin,13645812.02
807,807,0000807.bin,26383716.5931
808,808,0000808.bin,11245153.1879
809,809,0000809.bin,1433338.40527
810,810,0000810.bin,6301612.44254
811,811,0000811.bin,6239933.7633
812,812,0000812.bin,10310079.886
813,813,0000813.bin,9136289.89957
814,814,0000814.bin,2351849.24186
815,815,0000815.bin,9921950.3023
816,816,0000816.bin,4176719.92155
817,817,0000817.bin,8788640.64051
818,818,0000818.bin,7682490.82602
819,819,0000819.bin,6380414.10788
820,820,0000820.bin,8832534.87246
821,821,0000821.bin,2081521.67188
822,822,0000822.bin,3001473.18797
823,823,0000823.bin,5800508.68039
824,824,0000824.bin,2108235.75879
825,825,0000825.bin,16563349.5518
826,826,0000826.bin,5233657.38078
827,827,0000827.bin,3087124.38952
828,828,0000828.bin,24048388.0899
829,829,0000829.bin,4884870.12519
830,830,0000830.bin,1733990.27441
831,831,0000831.bin,2709273.04911
832,832,0000832.bin,5433574.91089
833,833,0000833.bin,4292616.71984
834,834,0000834.bin,16179112.2977
835,835,0000835.bin,27280791.1933
836,836,0000836.bin,5516778.26199
837,837,0000837.bin,3091375.24993
838,838,0000838.bin,1675107.2002
839,839,0000839.bin,2570729.6684
840,840,0000840.bin,13298535.1135
841,841,0000841.bin,7138771.49062
842,842,0000842.bin,2679940.95881
843,843,0000843.bin,11688064.6354
844,844,0000844.bin,14813112.1116
845,845,0000845.bin,10099003.8233
846,846,0000846.bin,8122575.36333
847,847,0000847.bin,2292393.59125
848,848,0000848.bin,4132408.20143
849,849,0000849.bin,2803340.54758
850,850,0000850.bin,8436404.81821
851,851,0000851.bin,5897988.45533
852,852,0000852.bin,5565879.84999
853,853,0000853.bin,4650385.98886
854,854,0000854.bin,8450298.70591
855,855,0000855.bin,20434174.9347
856,856,0000856.bin,4675674.8889
857,857,0000857.bin,83746551.0759
858,858,0000858.bin,3525529.83616
859,859,0000859.bin,3397341.72916
860,860,0000860.bin,6142306.93873
861,861,0000861.bin,1662232.78793
862,862,0000862.bin,3422020.46913
863,863,0000863.bin,8945387.28125
864,864,0000864.bin,22893443.0088
865,865,0000865.bin,6459935.9527
866,866,0000866.bin,3030485.96059
867,867,0000867.bin,15569242.8675
868,868,0000868.bin,2530008.07257
869,869,0000869.bin,5657077.713
870,870,0000870.bin,1807569.75611
871,871,0000871.bin,8951869.24339
872,872,0000872.bin,4423291.05342
873,873,0000873.bin,4275493.76839
874,874,0000874.bin,4167919.00929
875,875,0000875.bin,3797003.14647
876,876,0000876.bin,11208179.2611
877,877,0000877.bin,649712.96565
878,878,0000878.bin,1640046.23654
879,879,0000879.bin,9708448.97701
880,880,0000880.bin,5782400.54834
881,881,0000881.bin,5913191.51704
882,882,0000882.bin,3896578.13025
883,883,0000883.bin,13084237.1913
884,884,0000884.bin,4006297.94568
885,885,0000885.bin,10514198.6473
886,886,0000886.bin,38400565.5782
887,887,0000887.bin,4741319.16253
888,888,0000888.bin,6145950.34026
889,889,0000889.bin,6048192.81645
890,890,0000890.bin,4237647.59158
891,891,0000891.bin,8707475.09163
892,892,0000892.bin,5676377.76115
893,893,0000893.bin,4283700.31583
894,894,0000894.bin,3176269.10254
895,895,0000895.bin,8618870.21642
896,896,0000896.bin,7613353.83777
897,897,0000897.bin,3455069.12216
898,898,0000898.bin,9033532.78654
899,899,0000899.bin,1286048.50013
900,900,0000900.bin,15788927.9333
901,901,0000901.bin,6233499.05138
902,902,0000902.bin,4682158.34024
903,903,0000903.bin,24128139.7798
904,904,0000904.bin,39101340.0241
905,905,0000905.bin,3437046.79456
906,906,0000906.bin,4619600.79261
907,907,0000907.bin,9740035.55218
908,908,0000908.bin,7203545.00177
909,909,0000909.bin,10086607.0707
910,910,0000910.bin,6694182.073
911,911,0000911.bin,12069368.6908
912,912,0000912.bin,2676596.43687
913,913,0000913.bin,17657356.0482
914,914,0000914.bin,10993637.0876
915,915,0000915.bin,15666253.7169
916,916,0000916.bin,2961629.42133
917,917,0000917.bin,4398077.15043
918,918,0000918.bin,9182273.69136
919,919,0000919.bin,16298889.3071
920,920,0000920.bin,6846839.82479
921,921,0000921.bin,2685217.87582
922,922,0000922.bin,5836675.99723
923,923,0000923.bin,12777909.5056
924,924,0000924.bin,2245110.87953
925,925,0000925.bin,7671518.53301
926,926,0000926.bin,30330912.2863
927,927,0000927.bin,82145957.9691
928,928,0000928.bin,1416723.87468
929,929,0000929.bin,2893979.65905
930,930,0000930.bin,31511287.4294
931,931,0000931.bin,4761340.11762
932,932,0000932.bin,3038085.22269
933,933,0000933.bin,11931054.2466
934,934,0000934.bin,2263187.45442
935,935,0000935.bin,3451453.84876
936,936,0000936.bin,7265960.93835
937,937,0000937.bin,9930752.01153
938,938,0000938.bin,2570060.82636
939,939,0000939.bin,3595497.30167
940,940,0000940.bin,3290940.45517
941,941,0000941.bin,2492597.1201
942,942,0000942.bin,2207930.94568
943,943,0000943.bin,9312114.05784
944,944,0000944.bin,7915195.05555
945,945,0000945.bin,2409418.56949
946,946,0000946.bin,1647218.93335
947,947,0000947.bin,11107734.8285
948,948,0000948.bin,11627642.0928
949,949,0000949.bin,15131768.0653
950,950,0000950.bin,2323713.6749
951,951,0000951.bin,3388137.32239
952,952,0000952.bin,8080921.10325
953,953,0000953.bin,4631060.16805
954,954,0000954.bin,4978465.67667
955,955,0000955.bin,4489318.14107
956,956,0000956.bin,7849663.60658
957,957,0000957.bin,10889287.3005
958,958,0000958.bin,7327249.39047
959,959,0000959.bin,4951544.68157
960,960,0000960.bin,4788747.53699
961,961,0000961.bin,9677393.51259
962,962,0000962.bin,6902649.02389
963,963,0000963.bin,4526860.5885
964,964,0000964.bin,15339172.2516
965,965,0000965.bin,4801873.57889
966,966,0000966.bin,4685133.35008
967,967,0000967.bin,29716343.0525
968,968,0000968.bin,19216727.5546
969,969,0000969.bin,7345066.29842
970,970,0000970.bin,5863786.40751
971,971,0000971.bin,7975246.42014
972,972,0000972.bin,2007741.4475
973,973,0000973.bin,6477572.38278
974,974,0000974.bin,4032339.44956
975,975,0000975.bin,8681860.01369
976,976,0000976.bin,34256973.3257
977,977,0000977.bin,1634558.94682
978,978,0000978.bin,4921571.39329
979,979,0000979.bin,7827227.98908
980,980,0000980.bin,4992589.71622
981,981,0000981.bin,1240735.04176
982,982,0000982.bin,14567547.2437
983,983,0000983.bin,4682047.52474
984,984,0000984.bin,4584038.30183
985,985,0000985.bin,3420584.54413
986,986,0000986.bin,8305238.93099
987,987,0000987.bin,3525049.78577
988,988,0000988.bin,11661472.7945
989,989,0000989.bin,11387577.713
990,990,0000990.bin,1027199.70795
991,991,0000991.bin,41487709.9262
992,992,0000992.bin,5265927.1375
993,993,0000993.bin,2526928.82887
994,994,0000994.bin,19205920.1852
995,995,0000995.bin,5630332.20752
996,996,0000996.bin,13462819.7025
997,997,0000997.bin,3877412.21025
998,998,0000998.bin,7098884.52813
999,999,0000999.bin,4300903.21795
